0 0.42734375 0.36640625 0.0890625 0.16328125
0 0.33515625 0.33203125 0.01640625 0.02890625
0 0.3421875 0.3734375 0.0140625 0.02578125
0 0.209375 0.3875 0.0140625 0.02890625
0 0.13046875 0.38984375 0.0140625 0.0265625
0 0.87890625 0.4171875 0.2375 0.3578125
0 0.68671875 0.78125 0.05078125 0.08359375
0 0.97109375 0.8375 0.05703125 0.0890625
2 0.26640625 0.45546875 0.034375 0.0671875
2 0.4359375 0.490625 0.03671875 0.06796875
2 0.509375 0.51796875 0.096875 0.17421875
2 0.39453125 0.56875 0.01796875 0.03125
1 0.3375 0.48828125 0.0375 0.06875
1 0.4203125 0.57265625 0.0171875 0.03046875
1 0.340625 0.69609375 0.01640625 0.03046875
1 0.69921875 0.55859375 0.0484375 0.0765625
1 0.8453125 0.61953125 0.02265625 0.0375
1 0.69765625 0.3109375 0.1125 0.18515625
1 0.603125 0.5421875 0.04453125 0.0765625