1 0.10546875 0.6703125 0.14921875 0.3171875
0 0.08671875 0.3640625 0.0140625 0.03359375
0 0.16875 0.36171875 0.0140625 0.0296875
2 0.22890625 0.43828125 0.03671875 0.07265625
0 0.30078125 0.3015625 0.015625 0.0296875
0 0.30859375 0.34609375 0.01484375 0.03203125
0 0.396875 0.33671875 0.0953125 0.18515625
0 0.2125 0.7609375 0.0375 0.0765625
1 0.303125 0.4765625 0.0375 0.07578125
1 0.30703125 0.7125 0.01484375 0.0296875
1 0.390625 0.571875 0.0171875 0.0359375
1 0.37890625 0.75234375 0.03984375 0.08203125
2 0.36328125 0.56796875 0.01640625 0.03203125
2 0.40703125 0.4796875 0.040625 0.0765625
2 0.48515625 0.5109375 0.1015625 0.19375
1 0.68125 0.278125 0.11875 0.20859375
0 0.871875 0.39921875 0.2484375 0.4078125
1 0.83515625 0.62578125 0.0234375 0.0421875
1 0.94921875 0.76171875 0.0609375 0.1015625
0 0.6765625 0.6796875 0.04921875 0.0890625
0 0.6703125 0.80859375 0.0515625 0.09140625