0 0.0703125 0.296875 0.07734375 0.1796875
0 0.1578125 0.3328125 0.01484375 0.0328125
0 0.05625 0.6734375 0.0140625 0.0296875
0 0.1203125 0.7125 0.01484375 0.0296875
0 0.2140625 0.7265625 0.03515625 0.07734375
0 0.625 0.63359375 0.19921875 0.384375
0 0.55859375 0.26171875 0.04375 0.0875
0 0.8953125 0.77578125 0.05390625 0.09453125
2 0.81640625 0.23125 0.12265625 0.2265625
2 0.21328125 0.25703125 0.0375 0.08125
2 0.2203125 0.415625 0.0359375 0.08046875
2 0.43359375 0.775 0.01640625 0.03359375
2 0.0765625 0.57109375 0.0140625 0.0296875
1 0.046875 0.49140625 0.0140625 0.03125
1 0.159375 0.54921875 0.0828125 0.18359375
1 0.30234375 0.396875 0.0375 0.08203125
1 0.3390625 0.6359375 0.16640625 0.35234375
1 0.4625 0.678125 0.01796875 0.03515625
1 0.4546875 0.225 0.0421875 0.08515625
1 0.82890625 0.515625 0.021875 0.040625