1 0.1265625 0.41796875 0.146875 0.35390625
0 0.08671875 0.59140625 0.0140625 0.0328125
0 0.12109375 0.61484375 0.0140625 0.03515625
2 0.103125 0.609375 0.0140625 0.034375
2 0.228125 0.4015625 0.0375 0.08671875
2 0.428125 0.3796875 0.09453125 0.21640625
2 0.4421875 0.78671875 0.0171875 0.040625
0 0.9046875 0.7875 0.05546875 0.1046875
0 0.634375 0.6359375 0.19765625 0.41796875
0 0.5671875 0.2359375 0.0453125 0.096875
0 0.4765625 0.54453125 0.04296875 0.09140625
0 0.32421875 0.740625 0.090625 0.20859375
2 0.221875 0.2328125 0.0359375 0.0875
1 0.3109375 0.38046875 0.03828125 0.08828125
1 0.31328125 0.56015625 0.01640625 0.03828125
1 0.46328125 0.19921875 0.040625 0.09296875
1 0.66875 0.23046875 0.1125 0.23359375
1 0.83828125 0.50859375 0.02109375 0.04296875
1 0.47109375 0.6828125 0.0171875 0.03671875