1 0.1265625 0.4203125 0.146875 0.36875
1 0.34921875 0.4546875 0.03984375 0.090625
1 0.46953125 0.19140625 0.0421875 0.0953125
1 0.68046875 0.22421875 0.1140625 0.24609375
1 0.85390625 0.5171875 0.021875 0.0453125
1 0.4765625 0.69921875 0.01640625 0.03828125
1 0.4 0.82421875 0.01796875 0.0390625
2 0.221875 0.225 0.0375 0.09140625
2 0.2296875 0.403125 0.0375 0.0890625
2 0.43359375 0.38125 0.0953125 0.221875
2 0.44765625 0.80859375 0.015625 0.0390625
2 0.1 0.621875 0.015625 0.03359375
0 0.3265625 0.76015625 0.08984375 0.21171875
0 0.06484375 0.78671875 0.0140625 0.0359375
0 0.26328125 0.5234375 0.015625 0.03671875
0 0.3125 0.559375 0.0390625 0.09375
0 0.5765625 0.23203125 0.04453125 0.1
0 0.6453125 0.64921875 0.203125 0.4296875
0 0.92109375 0.81015625 0.0578125 0.11328125