1 0.11484375 0.3875 0.146875 0.3703125
1 0.33359375 0.421875 0.03828125 0.084375
1 0.45 0.16171875 0.0421875 0.096875
1 0.65703125 0.1953125 0.10859375 0.25
1 0.74296875 0.63671875 0.02265625 0.03984375
1 0.8234375 0.7109375 0.05234375 0.1109375
1 0.4578125 0.6671875 0.01875 0.03828125
1 0.38359375 0.790625 0.015625 0.0390625
2 0.0890625 0.58984375 0.0140625 0.0328125
2 0.215625 0.3734375 0.03671875 0.0875
2 0.20859375 0.1953125 0.0359375 0.08984375
2 0.41640625 0.35 0.09453125 0.225
2 0.43046875 0.7765625 0.01640625 0.0375
0 0.0546875 0.7546875 0.01328125 0.0328125
0 0.24921875 0.4921875 0.015625 0.03671875
0 0.296875 0.52734375 0.03671875 0.09140625
0 0.31171875 0.7265625 0.08984375 0.2109375
0 0.62265625 0.61875 0.1984375 0.43203125
0 0.5546875 0.2 0.04375 0.096875
0 0.88515625 0.70078125 0.05390625 0.10625