1 0.11796875 0.3765625 0.15 0.3984375
1 0.33984375 0.40703125 0.0375 0.096875
1 0.459375 0.13203125 0.040625 0.10703125
1 0.66953125 0.1671875 0.11328125 0.26171875
1 0.75546875 0.63828125 0.02265625 0.04765625
1 0.83828125 0.7171875 0.05546875 0.115625
1 0.46640625 0.67109375 0.01796875 0.04453125
1 0.390625 0.8015625 0.015625 0.0421875
2 0.22109375 0.359375 0.0359375 0.09296875
2 0.221875 0.6453125 0.0375 0.09453125
2 0.31640625 0.20078125 0.01640625 0.0453125
2 0.42421875 0.3328125 0.09453125 0.23515625
2 0.43828125 0.7859375 0.01640625 0.04140625
0 0.29375 0.18515625 0.015625 0.040625
0 0.303125 0.521875 0.03828125 0.09609375
0 0.3171875 0.734375 0.08984375 0.2296875
0 0.23984375 0.821875 0.015625 0.03828125
0 0.6328125 0.61796875 0.20078125 0.46015625
0 0.9015625 0.7078125 0.05625 0.11953125
0 0.56484375 0.17578125 0.046875 0.1125