1 0.1203125 0.43515625 0.14765625 0.3484375
1 0.33984375 0.4640625 0.0375 0.08515625
1 0.45859375 0.2171875 0.0421875 0.0953125
1 0.465625 0.69921875 0.01875 0.03984375
1 0.38984375 0.81484375 0.01640625 0.03671875
1 0.66484375 0.25 0.1125 0.23046875
1 0.79765625 0.6296875 0.021875 0.04375
1 0.83125 0.740625 0.05390625 0.10234375
0 0.83828125 0.3828125 0.228125 0.44609375
0 0.89375 0.73125 0.05234375 0.1015625
0 0.3890625 0.31171875 0.09140625 0.21484375
0 0.5625 0.25625 0.0453125 0.0953125
0 0.29375 0.26484375 0.01640625 0.034375
0 0.30390625 0.56640625 0.0375 0.08515625
2 0.221875 0.41953125 0.03671875 0.08359375
2 0.3171875 0.27734375 0.015625 0.03515625
2 0.22421875 0.67578125 0.0359375 0.08203125
2 0.475 0.50546875 0.09765625 0.2125
2 0.43671875 0.80078125 0.0171875 0.03515625
0 0.24140625 0.8328125 0.015625 0.03515625