1 0.14140625 0.43515625 0.14609375 0.33984375
1 0.27109375 0.28359375 0.01484375 0.03515625
1 0.403125 0.56796875 0.01640625 0.034375
1 0.359375 0.79296875 0.0375 0.0828125
1 0.58671875 0.5359375 0.04453125 0.08984375
1 0.6796875 0.5546875 0.046875 0.09296875
1 0.68359375 0.25859375 0.1125 0.2234375
1 0.815625 0.62421875 0.021875 0.03984375
2 0.24296875 0.421875 0.03671875 0.07890625
2 0.41875 0.471875 0.03984375 0.084375
2 0.378125 0.565625 0.015625 0.034375
2 0.49375 0.50390625 0.096875 0.20390625
2 0.33671875 0.2859375 0.0171875 0.0359375
0 0.3140625 0.27421875 0.0171875 0.03671875
0 0.321875 0.32421875 0.01640625 0.03515625
0 0.40859375 0.31640625 0.09296875 0.20078125
0 0.6609375 0.80703125 0.046875 0.09296875
0 0.85546875 0.38984375 0.22578125 0.42421875
0 0.925 0.865625 0.05390625 0.0984375
0 0.259375 0.79296875 0.0359375 0.0796875