1 0.1171875 0.48125 0.14453125 0.2859375
1 0.29296875 0.4984375 0.03828125 0.06953125
1 0.3796875 0.5859375 0.01875 0.02890625
1 0.29609375 0.71328125 0.01796875 0.028125
1 0.5734375 0.5546875 0.0453125 0.078125
1 0.67578125 0.57421875 0.0515625 0.08671875
1 0.67265625 0.31484375 0.11875 0.190625
1 0.828125 0.634375 0.025 0.03671875
0 0.11953125 0.7 0.034375 0.06796875
0 0.3859375 0.371875 0.09609375 0.1671875
0 0.28984375 0.33828125 0.01640625 0.02734375
0 0.29765625 0.37890625 0.01640625 0.02734375
0 0.6609375 0.80078125 0.05234375 0.084375
0 0.86484375 0.428125 0.24921875 0.371875
0 0.96171875 0.86015625 0.0625 0.09140625
2 0.2171875 0.4625 0.0359375 0.0671875
2 0.35390625 0.58125 0.01640625 0.02734375
2 0.39609375 0.50078125 0.03984375 0.0734375
2 0.47421875 0.528125 0.10234375 0.1765625